circle
25 25 0 20
circle
17.5 32.5 0 5
circle
32.5 32.5 0 5
circle
17.5 32.5 0 1
circle
32.5 32.5 0 1
hermite
15 15 35 15 0 -10 0 15
bezier
20 25 15 5 30 25 30 25
circle
25 75 0 20
circle
17.5 82.5 0 5
circle
32.5 82.5 0 5
circle
17.5 82.5 0 1
circle
32.5 82.5 0 1
hermite
15 65 35 65 0 -10 0 15
bezier
20 75 15 55 30 75 30 75
circle
25 125 0 20
circle
17.5 132.5 0 5
circle
32.5 132.5 0 5
circle
17.5 132.5 0 1
circle
32.5 132.5 0 1
hermite
15 115 35 115 0 -10 0 15
bezier
20 125 15 105 30 125 30 125
circle
25 175 0 20
circle
17.5 182.5 0 5
circle
32.5 182.5 0 5
circle
17.5 182.5 0 1
circle
32.5 182.5 0 1
hermite
15 165 35 165 0 -10 0 15
bezier
20 175 15 155 30 175 30 175
circle
25 225 0 20
circle
17.5 232.5 0 5
circle
32.5 232.5 0 5
circle
17.5 232.5 0 1
circle
32.5 232.5 0 1
hermite
15 215 35 215 0 -10 0 15
bezier
20 225 15 205 30 225 30 225
circle
25 275 0 20
circle
17.5 282.5 0 5
circle
32.5 282.5 0 5
circle
17.5 282.5 0 1
circle
32.5 282.5 0 1
hermite
15 265 35 265 0 -10 0 15
bezier
20 275 15 255 30 275 30 275
circle
25 325 0 20
circle
17.5 332.5 0 5
circle
32.5 332.5 0 5
circle
17.5 332.5 0 1
circle
32.5 332.5 0 1
hermite
15 315 35 315 0 -10 0 15
bezier
20 325 15 305 30 325 30 325
circle
25 375 0 20
circle
17.5 382.5 0 5
circle
32.5 382.5 0 5
circle
17.5 382.5 0 1
circle
32.5 382.5 0 1
hermite
15 365 35 365 0 -10 0 15
bezier
20 375 15 355 30 375 30 375
circle
25 425 0 20
circle
17.5 432.5 0 5
circle
32.5 432.5 0 5
circle
17.5 432.5 0 1
circle
32.5 432.5 0 1
hermite
15 415 35 415 0 -10 0 15
bezier
20 425 15 405 30 425 30 425
circle
25 475 0 20
circle
17.5 482.5 0 5
circle
32.5 482.5 0 5
circle
17.5 482.5 0 1
circle
32.5 482.5 0 1
hermite
15 465 35 465 0 -10 0 15
bezier
20 475 15 455 30 475 30 475
circle
75 25 0 20
circle
67.5 32.5 0 5
circle
82.5 32.5 0 5
circle
67.5 32.5 0 1
circle
82.5 32.5 0 1
hermite
65 15 85 15 0 -10 0 15
bezier
70 25 65 5 80 25 80 25
circle
125 25 0 20
circle
117.5 32.5 0 5
circle
132.5 32.5 0 5
circle
117.5 32.5 0 1
circle
132.5 32.5 0 1
hermite
115 15 135 15 0 -10 0 15
bezier
120 25 115 5 130 25 130 25
circle
175 25 0 20
circle
167.5 32.5 0 5
circle
182.5 32.5 0 5
circle
167.5 32.5 0 1
circle
182.5 32.5 0 1
hermite
165 15 185 15 0 -10 0 15
bezier
170 25 165 5 180 25 180 25
circle
225 25 0 20
circle
217.5 32.5 0 5
circle
232.5 32.5 0 5
circle
217.5 32.5 0 1
circle
232.5 32.5 0 1
hermite
215 15 235 15 0 -10 0 15
bezier
220 25 215 5 230 25 230 25
circle
275 25 0 20
circle
267.5 32.5 0 5
circle
282.5 32.5 0 5
circle
267.5 32.5 0 1
circle
282.5 32.5 0 1
hermite
265 15 285 15 0 -10 0 15
bezier
270 25 265 5 280 25 280 25
circle
325 25 0 20
circle
317.5 32.5 0 5
circle
332.5 32.5 0 5
circle
317.5 32.5 0 1
circle
332.5 32.5 0 1
hermite
315 15 335 15 0 -10 0 15
bezier
320 25 315 5 330 25 330 25
circle
375 25 0 20
circle
367.5 32.5 0 5
circle
382.5 32.5 0 5
circle
367.5 32.5 0 1
circle
382.5 32.5 0 1
hermite
365 15 385 15 0 -10 0 15
bezier
370 25 365 5 380 25 380 25
circle
425 25 0 20
circle
417.5 32.5 0 5
circle
432.5 32.5 0 5
circle
417.5 32.5 0 1
circle
432.5 32.5 0 1
hermite
415 15 435 15 0 -10 0 15
bezier
420 25 415 5 430 25 430 25
circle
475 25 0 20
circle
467.5 32.5 0 5
circle
482.5 32.5 0 5
circle
467.5 32.5 0 1
circle
482.5 32.5 0 1
hermite
465 15 485 15 0 -10 0 15
bezier
470 25 465 5 480 25 480 25
circle
475 75 0 20
circle
467.5 82.5 0 5
circle
482.5 82.5 0 5
circle
467.5 82.5 0 1
circle
482.5 82.5 0 1
hermite
465 65 485 65 0 -10 0 15
bezier
470 75 465 55 480 75 480 75
circle
475 125 0 20
circle
467.5 132.5 0 5
circle
482.5 132.5 0 5
circle
467.5 132.5 0 1
circle
482.5 132.5 0 1
hermite
465 115 485 115 0 -10 0 15
bezier
470 125 465 105 480 125 480 125
circle
475 175 0 20
circle
467.5 182.5 0 5
circle
482.5 182.5 0 5
circle
467.5 182.5 0 1
circle
482.5 182.5 0 1
hermite
465 165 485 165 0 -10 0 15
bezier
470 175 465 155 480 175 480 175
circle
475 225 0 20
circle
467.5 232.5 0 5
circle
482.5 232.5 0 5
circle
467.5 232.5 0 1
circle
482.5 232.5 0 1
hermite
465 215 485 215 0 -10 0 15
bezier
470 225 465 205 480 225 480 225
circle
475 275 0 20
circle
467.5 282.5 0 5
circle
482.5 282.5 0 5
circle
467.5 282.5 0 1
circle
482.5 282.5 0 1
hermite
465 265 485 265 0 -10 0 15
bezier
470 275 465 255 480 275 480 275
circle
475 325 0 20
circle
467.5 332.5 0 5
circle
482.5 332.5 0 5
circle
467.5 332.5 0 1
circle
482.5 332.5 0 1
hermite
465 315 485 315 0 -10 0 15
bezier
470 325 465 305 480 325 480 325
circle
475 375 0 20
circle
467.5 382.5 0 5
circle
482.5 382.5 0 5
circle
467.5 382.5 0 1
circle
482.5 382.5 0 1
hermite
465 365 485 365 0 -10 0 15
bezier
470 375 465 355 480 375 480 375
circle
475 425 0 20
circle
467.5 432.5 0 5
circle
482.5 432.5 0 5
circle
467.5 432.5 0 1
circle
482.5 432.5 0 1
hermite
465 415 485 415 0 -10 0 15
bezier
470 425 465 405 480 425 480 425
circle
475 475 0 20
circle
467.5 482.5 0 5
circle
482.5 482.5 0 5
circle
467.5 482.5 0 1
circle
482.5 482.5 0 1
hermite
465 465 485 465 0 -10 0 15
bezier
470 475 465 455 480 475 480 475
circle
425 475 0 20
circle
417.5 482.5 0 5
circle
432.5 482.5 0 5
circle
417.5 482.5 0 1
circle
432.5 482.5 0 1
hermite
415 465 435 465 0 -10 0 15
bezier
420 475 415 455 430 475 430 475
circle
375 475 0 20
circle
367.5 482.5 0 5
circle
382.5 482.5 0 5
circle
367.5 482.5 0 1
circle
382.5 482.5 0 1
hermite
365 465 385 465 0 -10 0 15
bezier
370 475 365 455 380 475 380 475
circle
325 475 0 20
circle
317.5 482.5 0 5
circle
332.5 482.5 0 5
circle
317.5 482.5 0 1
circle
332.5 482.5 0 1
hermite
315 465 335 465 0 -10 0 15
bezier
320 475 315 455 330 475 330 475
circle
275 475 0 20
circle
267.5 482.5 0 5
circle
282.5 482.5 0 5
circle
267.5 482.5 0 1
circle
282.5 482.5 0 1
hermite
265 465 285 465 0 -10 0 15
bezier
270 475 265 455 280 475 280 475
circle
225 475 0 20
circle
217.5 482.5 0 5
circle
232.5 482.5 0 5
circle
217.5 482.5 0 1
circle
232.5 482.5 0 1
hermite
215 465 235 465 0 -10 0 15
bezier
220 475 215 455 230 475 230 475
circle
175 475 0 20
circle
167.5 482.5 0 5
circle
182.5 482.5 0 5
circle
167.5 482.5 0 1
circle
182.5 482.5 0 1
hermite
165 465 185 465 0 -10 0 15
bezier
170 475 165 455 180 475 180 475
circle
125 475 0 20
circle
117.5 482.5 0 5
circle
132.5 482.5 0 5
circle
117.5 482.5 0 1
circle
132.5 482.5 0 1
hermite
115 465 135 465 0 -10 0 15
bezier
120 475 115 455 130 475 130 475
circle
75 475 0 20
circle
67.5 482.5 0 5
circle
82.5 482.5 0 5
circle
67.5 482.5 0 1
circle
82.5 482.5 0 1
hermite
65 465 85 465 0 -10 0 15
bezier
70 475 65 455 80 475 80 475
circle
250 250 0 200
circle
175 325 0 50
circle
325 325 0 50
circle
175 325 0 10
circle
325 325 0 10
hermite
150 150 350 150 0 -100 0 150
bezier
200 250 150 50 300 250 300 250
display
save
face.png

